26    
15    
14    
39    
39    
39    
36    
36    
32    
32    
32    
38    
33    
26    
35    
38    
12    
21    
21    
15    
22    
14    
05    
28    
20    
34    
20    
37    
35    
39    
35    
35    
35    
32    
37    
37    
35    
08    
21    
38    
37    
33    
08    
22    
09    
15    
35    
15    
36    
21    
35    
28    
28    
22    
36    
36    
28    
36    
09    
38    
32    
21    
22    
21    
21    
21    
21    
23,24 
27    
24    
24    
31    
14    
35    
08    
37    
12    
12    
12    
12    
(C)   
08    
33    
10    
14    
33    
14    
13    
05    
05    
36    
35    
39    
14    
27    
37    
20    
32    
32    
32    
15    
14    
14    
33    
33    
14    
21    
35    
21    
16    
15    
37    
16    
17    
17    
17    
14    
08    
39    
08    
32    
30    
08    
32    
07    
32    
31    
05    
39    
39    
39    
39    
08    
39    
39    
39    
32    
09    
14    
14    
14    
14    
14    
14    
14    
28    
32    
15    
14    
14    
10    
10    
08    
08    
09    
09    
07    
25    
07    
07    
26    
15    
21    
15,33 
15    
37    
08    
35    
08    
08    
08    
25    
27    
27    
23    
40    
40    
20    
03-05 
08    
27    
31    
27    
31    
31    
31    
31    
31    
32    
32    
31    
01    
08    
08    
08    
08    
14    
13    
14    
15    
20    
10    
20    
15    
15    
15    
15    
15    
15    
14    
14    
40    
14    
28    
09    
25    
14    
09    
09    
08    
08    
11    
11    
11    
11    
09    
40    
33    
22    
15    
39    
36    
14    
15    
34    
34    
20    
20    
20    
20    
31    
31    
31    
31    
31    
37    
15    
27    
20    
40    
07    
07    
07    
36    
15    
36    
36    
36    
36    
35    
35    
35    
16    
15    
(G)   
17    
17    
16    
08    
07    
08    
38    
27    
31    
28    
01-05 
29,30 
39    
30    
29    
30    
30    
32    
30    
29    
08    
08    
08    
08    
32    
32    
13    
13    
13    
13    
13    
05    
39    
24    
22    
26    
22    
06    
06    
35    
26    
26    
24    
26    
21    
28    
21    
32    
20    
15    
07    
20    
07    
15    
09    
08    
38    
15    
15    
34    
15    
14    
20    
36    
36    
38    
08    
31    
32    
32    
32    
32    
11    
38    
38    

