246
247
260
004
165
207
049
195
176
489
460
468
474
293
107
024
199
018
075
514
315
117
289
511
336
436
215
470
450
438
444
187
483
190
286
430
456
082
492
432
440
400
062
159
129
497
424
257
482
348
458
299
046
369
414
404
381
454
090
402
160
370
306
391
376
304
372
318
506
386
505
157
203
422
060
181
112
047
125
217
013
070
446
104
272
256
149
144
211
252
401
409
411
230
375
051
510
191
234
188
501
281
021
029
032
245
014
434
330
179
052
053
027
135
262
280
227
079
169
516
162
512
084
508
036
175
509
277
453
099
124
276
213
041
131
010
298
063
223
114
265
122
279
106
294
185
507
239
287
251
120
071
078
072
116
161
216
137
088
080
387
295
378
248
225
382
077
109
097
095
098
339
177
192
363
259
118
342
291
105
166
020
103
123
174
197
110
138
009
515
297
006
182
285
202
043
266
100
254
146
212
136
354
206
224
005
167
503
504
209
221
237
222
163
091
344
263
517
520
519
518
108
056
253
273
140
061
302
305
499
379
219
284
269
466
478
236
180
045
040
282
301
031
048
490
232
278
022
390
242
076
308
037
406
214
408
412
420
410
428
416
442
054
126
015
292
130
288
094
066
249
464
173
168
345
001
150
111
153
038
147
171
189
303
035
012
096
065
089
172
513
141
235
238
240
241
064
033
321
324
011
142
050
204
480
312
143
152
309
003
327
333
158
384
145
086
275
074
296
148
017
452
502
522
521
007
233
283
250
205
274
069
270
170
034
133
016
132
462
201
