50    
28    
27    
53    
53    
53    
47    
52    
56    
56    
56    
57    
37    
49    
46    
67    
72    
29    
29    
28    
41    
28    
08    
54    
39    
38    
39    
53    
46    
53    
46    
46    
46    
62    
48    
48    
46    
11    
39    
57    
53    
37    
11    
41    
12    
28    
46    
28    
53    
39    
46    
54    
54    
42    
52    
52    
54    
52    
11    
57    
62    
39    
41    
39    
39    
39    
41    
(A)   
50    
44    
44    
65    
27    
46    
11    
53    
14,16 
63    
14    
14    
(B)   
11    
37    
12,14 
37    
36    
36    
14    
09    
09    
52    
46    
53    
28    
50    
48    
39    
62    
62    
62    
28    
37    
37    
36    
37    
27    
29    
46    
40    
29    
29    
48    
29    
30,31 
30    
30    
27    
11    
53    
11    
56    
56    
11    
63    
10    
63    
63    
09    
53    
53    
53    
53    
11    
68    
68    
68    
62    
12    
27    
27    
27    
27    
27    
27    
27    
51    
51    
28    
28    
28    
12    
12    
11    
11    
12    
12    
11    
44    
11    
11    
49    
28    
39    
28    
28    
48    
11    
46    
11    
11    
11    
45    
90    
45    
32,33 
18    
18    
39    
06-08 
11    
64    
61    
64    
61    
61    
61,62 
61    
61    
62    
62    
65    
01,02 
11    
11    
11    
11    
18    
14,16 
27    
29    
28    
12    
39    
28    
18    
18    
18    
28    
28    
27    
18    
05,75 
18    
51    
11    
44    
27    
11    
11    
11    
11    
(D)   
13    
13    
15    
12    
75    
46    
41    
28    
53    
47    
18    
28    
47,48 
38    
28    
28    
28    
28    
65    
65    
62    
61,63 
65    
48    
28    
64    
39    
17    
12    
11    
12    
47    
28    
47    
52    
52    
47    
46    
46    
46    
(E)   
29    
(F)   
30    
29-31 
29    
11    
11    
11    
57    
65    
65    
54    
(H)   
(I)   
68    
60    
54    
60    
56    
60    
55    
54    
11    
11    
11    
11    
63    
63    
16    
73    
73    
73    
73    
11    
41    
44    
41    
49    
41    
10    
10    
46    
49    
49    
44    
49    
40    
51,54 
39    
56    
39    
29    
11    
28    
11    
28    
12    
11    
53    
28    
28    
48    
28    
37    
39    
66    
66    
66    
11    
62    
60    
60    
60    
60    
14    
57    
57    

