15
32
26
14
39
39
39
36
36
32
32
32
38
33
26
35
38
12
21
21
15
22
14
5
28
21
20
34
20
37
35
39
35
35
35
32
37
37
35
8
21
38
37
33
8
22
9
21
21
15
35
15
36
21
35
28
28
22
36
14
36
36
28
36
9
21
38
32
21
22
21
21
21
22
23
21
27
24
24
23, 24
31
14
35
8
37
24
12
12
12
12
12, 13, 29, 30, 32, 38, 39
33
33
8
10
22
22
28
14
33
14
13
5
5
36
35
39
14
27
37
20
32
32
32
15
14
14
33
33
33
14
21
35
21
16
15
37
16
17
17
17
14
35
8
39
39
26
8
30
32
8
22
32
32
7
31
5
36
39
8
39
39
39
39
39
39
32
9
14
14
14
14
14
14
14
28
28
15
14
14
10
10
8
8
9
9
7
8
7
25
7
7
26
15
21
15, 33
15
37
15
37
8
35
8
8
8
25
27
27
27
23
40
40
20
28
03-05
8
27
31
27
31
31
31
31
31
31
32
32
31
1
8
8
8
8
25
7
7
14
13
14
15
20
10
20
15
15
15
15
15
15
14
40
14
14
28
28
28
9
25
14
9
9
9
8
8
8
28
28
28
28
11
11
11
11
9
40
16
33
22
15
39
36
14
15
34
34
34
20
20
20
20
31
31
31
31
31
37
21
15
27
20
40
7
7
7
36
15
36
36
36
36
35
35
35
16
15
16-19, 23
17
17
16
16
8
7
8
38
27
31
28
01-05
29, 30
39
30
29
30
30
32
30
29
2,5
8
8
8
8
32
32
13
13
13
13
13
5
37
37
39
39
39
39
24
28
28
21
21
22
26
22
6
6
35
26
26
24
26
28
21
32
20
15
7
20
7
15
9
8
38
15
15
34
15
14
20
28
20
35
36
36
38
8
31
32
32
32
32
11
38
38
38
38
