28
62
50
27
53
53
53
47
52
56
56
56
57
37
49
46
67
72
29
29
28
41
28
8
54
39
39
38
39
53
46
53
46
46
46
62
48
48
46
11
39
57
53
37
11
41
12
39
39
28
46
28
53
39
46
54
54
42
52
28
52
52
54
52
11
39
57
62
39
41
39
39
39
41
41
41
50
44
44
33, 42-44
65
27
46
11
53
33
14, 16
14
63
14
67, 69-74
37
37
11
12, 14
41
41
54
37
36
36
14
9
9
52
46
53
28
50
48
39
62, 63
63
62
28
37
37
36
37
37
27
29
46
40
29
29
48
29
30, 31
30
30
27
46
11
53
53
49
11
55
56
11
41
63
63
10
63
9
47, 52
53
11
53
53
53
68
68
68
62
12
27
27
27
27
27
27
27
51
51
28
28
28
12
12
11
11
12
12
11
11
11
44
11
11
49
28
39
28, 37
28
48
28
48
11
46
11
11
11
45
90
45
45
32, 33
18
18
39
51
06-08
11
64
61
64
61
61
61, 62
61
61
61
62
62
65
01, 02
11
11
11
11
45
11
11
18
14, 16
27
29
28
12
39
28
18
18
18
28
28
27
05, 75
18
18
51
51
51
11
44
27
11
11
11
11
11
11
54
54
54
54
12, 13, 15
13
13
15
12
75
29
46
41
28
53
47
18
28
48
48
38
28
28
28
28
65
65
62
61, 63
65
48
40
28
64
39
17
11
11
11
47
28
47
52
52
47
46
46
46
19, 20, 29, 30
29
20-26, 30-35, 75
30
29-31
19
29
11
11
11
57
65
65
54
02-04, 09, 75
55, 58, 59
68
60
54
60
55
60
55
54
9
11
11
11
11
63
63
16
73
73
73
73
11
53
48
41
53
53
53
44
54
54
39
39
41
49
41
10
10
46
49
49
44
49
51, 54
39
56
39
29
11
28
11
28
12
11
53
28
28
48
28
37
39
54
39
46
66
66
66
11
62
60
60
60
60
14
57
57
57
57
